# energy grid [eV]  eels components [arbitrary units]
#
    0.000000000    0.000000000    0.000000000    0.000000000
    0.060120240    0.000048919    0.000048918    0.000048919
    0.120240481    0.000097879    0.000097879    0.000097879
    0.180360721    0.000146924    0.000146924    0.000146924
    0.240480962    0.000196096    0.000196096    0.000196096
    0.300601202    0.000245440    0.000245440    0.000245440
    0.360721443    0.000295000    0.000295000    0.000295000
    0.420841683    0.000344825    0.000344825    0.000344826
    0.480961924    0.000394965    0.000394965    0.000394965
    0.541082164    0.000445471    0.000445471    0.000445471
    0.601202405    0.000496401    0.000496401    0.000496401
    0.661322645    0.000547814    0.000547814    0.000547814
    0.721442886    0.000599776    0.000599776    0.000599776
    0.781563126    0.000652357    0.000652357    0.000652357
    0.841683367    0.000705637    0.000705637    0.000705637
    0.901803607    0.000759700    0.000759700    0.000759700
    0.961923848    0.000814644    0.000814643    0.000814644
    1.022044088    0.000870575    0.000870575    0.000870575
    1.082164329    0.000927616    0.000927616    0.000927616
    1.142284569    0.000985905    0.000985904    0.000985905
    1.202404810    0.001045600    0.001045600    0.001045601
    1.262525050    0.001106886    0.001106886    0.001106887
    1.322645291    0.001169977    0.001169977    0.001169977
    1.382765531    0.001235123    0.001235123    0.001235124
    1.442885772    0.001302624    0.001302623    0.001302624
    1.503006012    0.001372835    0.001372835    0.001372836
    1.563126253    0.001446190    0.001446190    0.001446190
    1.623246493    0.001523216    0.001523216    0.001523217
    1.683366733    0.001604568    0.001604568    0.001604569
    1.743486974    0.001691067    0.001691067    0.001691068
    1.803607214    0.001783758    0.001783758    0.001783759
    1.863727455    0.001883993    0.001883993    0.001883994
    1.923847695    0.001993558    0.001993558    0.001993559
    1.983967936    0.002114859    0.002114859    0.002114860
    2.044088176    0.002251228    0.002251228    0.002251230
    2.104208417    0.002407420    0.002407420    0.002407422
    2.164328657    0.002590490    0.002590490    0.002590491
    2.224448898    0.002811415    0.002811414    0.002811417
    2.284569138    0.003088366    0.003088366    0.003088368
    2.344689379    0.003453824    0.003453824    0.003453827
    2.404809619    0.003970950    0.003970949    0.003970953
    2.464929860    0.004764795    0.004764793    0.004764799
    2.525050100    0.005971791    0.005971786    0.005971795
    2.585170341    0.007201975    0.007201970    0.007201980
    2.645290581    0.008462661    0.008462658    0.008462669
    2.705410822    0.010951163    0.010951158    0.010951173
    2.765531062    0.015117257    0.015117236    0.015117272
    2.825651303    0.020871694    0.020871637    0.020871726
    2.885771543    0.027773833    0.027773856    0.027773869
    2.945891784    0.034904002    0.034904136    0.034904029
    3.006012024    0.030239107    0.030239204    0.030239145
    3.066132265    0.024725000    0.024725059    0.024725077
    3.126252505    0.024525852    0.024525894    0.024525957
    3.186372745    0.020659008    0.020659030    0.020659077
    3.246492986    0.015197689    0.015197699    0.015197733
    3.306613226    0.011722902    0.011722896    0.011722925
    3.366733467    0.009245580    0.009245573    0.009245594
    3.426853707    0.007997553    0.007997551    0.007997566
    3.486973948    0.007687906    0.007687906    0.007687919
    3.547094188    0.007970685    0.007970686    0.007970696
    3.607214429    0.008471779    0.008471781    0.008471787
    3.667334669    0.008591607    0.008591605    0.008591613
    3.727454910    0.008490825    0.008490822    0.008490835
    3.787575150    0.008208620    0.008208618    0.008208631
    3.847695391    0.008006105    0.008006108    0.008006123
    3.907815631    0.008358238    0.008358248    0.008358264
    3.967935872    0.009188935    0.009188953    0.009188969
    4.028056112    0.010837311    0.010837342    0.010837358
    4.088176353    0.013282903    0.013282947    0.013282963
    4.148296593    0.015160443    0.015160488    0.015160507
    4.208416834    0.018477473    0.018477531    0.018477556
    4.268537074    0.026098417    0.026098501    0.026098540
    4.328657315    0.034951369    0.034951426    0.034951471
    4.388777555    0.037498311    0.037498372    0.037498395
    4.448897796    0.036365720    0.036365777    0.036365790
    4.509018036    0.027805140    0.027805144    0.027805164
    4.569138277    0.020923551    0.020923541    0.020923569
    4.629258517    0.018059606    0.018059586    0.018059626
    4.689378758    0.017431601    0.017431574    0.017431626
    4.749498998    0.017881514    0.017881475    0.017881535
    4.809619238    0.018898457    0.018898419    0.018898486
    4.869739479    0.020831924    0.020831884    0.020831970
    4.929859719    0.025670736    0.025670671    0.025670806
    4.989979960    0.035718029    0.035717906    0.035718146
    5.050100200    0.051613003    0.051612815    0.051613166
    5.110220441    0.058156641    0.058156554    0.058156784
    5.170340681    0.055594177    0.055594257    0.055594372
    5.230460922    0.063989316    0.063989623    0.063989676
    5.290581162    0.088839754    0.088840444    0.088840383
    5.350701403    0.120522646    0.120523087    0.120522944
    5.410821643    0.113701167    0.113700780    0.113700761
    5.470941884    0.093148086    0.093147763    0.093147832
    5.531062124    0.078247216    0.078247028    0.078247079
    5.591182365    0.077440545    0.077440372    0.077440402
    5.651302605    0.098621964    0.098621720    0.098621732
    5.711422846    0.132400539    0.132400411    0.132400285
    5.771543086    0.140724335    0.140724593    0.140724185
    5.831663327    0.150330604    0.150331145    0.150330585
    5.891783567    0.143493159    0.143493998    0.143493710
    5.951903808    0.108893600    0.108894322    0.108894178
    6.012024048    0.091849253    0.091849872    0.091849713
    6.072144289    0.090825196    0.090825731    0.090825571
    6.132264529    0.102486559    0.102486918    0.102486845
    6.192384770    0.105248557    0.105248472    0.105248821
    6.252505010    0.081573157    0.081572885    0.081573381
    6.312625251    0.062123004    0.062122869    0.062123226
    6.372745491    0.052259893    0.052259866    0.052260118
    6.432865731    0.047711425    0.047711455    0.047711710
    6.492985972    0.043489568    0.043489617    0.043489979
    6.553106212    0.039636987    0.039637145    0.039637615
    6.613226453    0.041876479    0.041876796    0.041877484
    6.673346693    0.046399611    0.046399849    0.046400620
    6.733466934    0.051863071    0.051863137    0.051863564
    6.793587174    0.058300124    0.058300049    0.058300251
    6.853707415    0.054325655    0.054325456    0.054325707
    6.913827655    0.050530972    0.050530742    0.050531106
    6.973947896    0.056556688    0.056556379    0.056556942
    7.034068136    0.068795288    0.068794891    0.068795656
    7.094188377    0.071947017    0.071946582    0.071947331
    7.154308617    0.068905049    0.068904574    0.068905218
    7.214428858    0.071540104    0.071539606    0.071540093
    7.274549098    0.068342060    0.068341675    0.068341848
    7.334669339    0.061455589    0.061455298    0.061455408
    7.394789579    0.056142450    0.056142171    0.056142333
    7.454909820    0.054975057    0.054974667    0.054974890
    7.515030060    0.055995737    0.055995271    0.055995512
    7.575150301    0.047194180    0.047193846    0.047193976
    7.635270541    0.039999579    0.039999315    0.039999333
    7.695390782    0.039654756    0.039654500    0.039654484
    7.755511022    0.038161141    0.038160909    0.038161159
    7.815631263    0.034521535    0.034521463    0.034521820
    7.875751503    0.035427358    0.035427593    0.035427931
    7.935871743    0.042991316    0.042991918    0.042992291
    7.995991984    0.049472629    0.049473029    0.049473221
    8.056112224    0.042928718    0.042928598    0.042928659
    8.116232465    0.037060036    0.037059727    0.037059894
    8.176352705    0.036100053    0.036099556    0.036099826
    8.236472946    0.039801545    0.039800705    0.039801108
    8.296593186    0.050617016    0.050615487    0.050616155
    8.356713427    0.072785782    0.072783013    0.072784135
    8.416833667    0.100214245    0.100210834    0.100211956
    8.476953908    0.113263087    0.113260954    0.113261241
    8.537074148    0.121661379    0.121660819    0.121661153
    8.597194389    0.105448467    0.105448982    0.105449480
    8.657314629    0.081845718    0.081846281    0.081846805
    8.717434870    0.074197738    0.074198327    0.074199020
    8.777555110    0.081755341    0.081756090    0.081757160
    8.837675351    0.089156549    0.089157293    0.089159374
    8.897795591    0.093843554    0.093844367    0.093847905
    8.957915832    0.094063084    0.094063834    0.094067977
    9.018036072    0.088349555    0.088349539    0.088352218
    9.078156313    0.095372758    0.095371674    0.095372769
    9.138276553    0.107833238    0.107831460    0.107831488
    9.198396794    0.105421117    0.105419238    0.105418848
    9.258517034    0.101993150    0.101991463    0.101991123
    9.318637275    0.099998388    0.099996926    0.099996559
    9.378757515    0.110803299    0.110801657    0.110801187
    9.438877756    0.130695000    0.130692675    0.130692696
    9.498997996    0.116830964    0.116828457    0.116829635
    9.559118236    0.098419268    0.098417097    0.098418544
    9.619238477    0.101533932    0.101531454    0.101533300
    9.679358717    0.120864247    0.120860725    0.120863371
    9.739478958    0.151013666    0.151010989    0.151013971
    9.799599198    0.155250740    0.155252178    0.155254367
    9.859719439    0.140437390    0.140439844    0.140441296
    9.919839679    0.129765043    0.129766636    0.129767742
    9.979959920    0.123775744    0.123776601    0.123777900
   10.040080160    0.117951192    0.117951485    0.117953520
   10.100200401    0.124871077    0.124870872    0.124874114
   10.160320641    0.143877241    0.143876543    0.143881202
   10.220440882    0.160827131    0.160826329    0.160830803
   10.280561122    0.176949113    0.176949088    0.176950840
   10.340681363    0.189982974    0.189983390    0.189983309
   10.400801603    0.169050819    0.169050024    0.169050561
   10.460921844    0.154926703    0.154925000    0.154925872
   10.521042084    0.138205510    0.138204044    0.138203974
   10.581162325    0.123433179    0.123431789    0.123431588
   10.641282565    0.119181193    0.119179393    0.119179823
   10.701402806    0.127926151    0.127923449    0.127924860
   10.761523046    0.150010696    0.150008396    0.150009314
   10.821643287    0.163582077    0.163582175    0.163580038
   10.881763527    0.159162599    0.159164833    0.159160213
   10.941883768    0.167719535    0.167722266    0.167717041
   11.002004008    0.187784733    0.187784076    0.187783727
   11.062124248    0.173544101    0.173541798    0.173543589
   11.122244489    0.133908119    0.133906467    0.133907868
   11.182364729    0.117186082    0.117184483    0.117186327
   11.242484970    0.116292500    0.116291655    0.116293385
   11.302605210    0.117856082    0.117856477    0.117856727
   11.362725451    0.139813367    0.139814627    0.139813343
   11.422845691    0.171664322    0.171666888    0.171664340
   11.482965932    0.175639374    0.175642890    0.175640096
   11.543086172    0.155797120    0.155800590    0.155797829
   11.603206413    0.127997955    0.128001532    0.127998230
   11.663326653    0.124482881    0.124487493    0.124482530
   11.723446894    0.140106932    0.140112546    0.140104890
   11.783567134    0.142939318    0.142944913    0.142936899
   11.843687375    0.133481123    0.133486561    0.133480364
   11.903807615    0.143107969    0.143114191    0.143108482
   11.963927856    0.165830093    0.165838344    0.165831496
   12.024048096    0.201550750    0.201563016    0.201553124
   12.084168337    0.277110304    0.277130691    0.277115703
   12.144288577    0.372215075    0.372242773    0.372224231
   12.204408818    0.390176883    0.390203708    0.390187032
   12.264529058    0.359222120    0.359247129    0.359232862
   12.324649299    0.337075704    0.337097579    0.337088214
   12.384769539    0.339264389    0.339284156    0.339281779
   12.444889780    0.364414897    0.364432111    0.364434515
   12.505010020    0.330730279    0.330737812    0.330741862
   12.565130261    0.270253505    0.270254973    0.270259169
   12.625250501    0.230239066    0.230240236    0.230242966
   12.685370741    0.219265693    0.219266378    0.219267806
   12.745490982    0.252408226    0.252407773    0.252408440
   12.805611222    0.337002049    0.337000055    0.337000422
   12.865731463    0.401175176    0.401172948    0.401173480
   12.925851703    0.418447191    0.418446537    0.418447271
   12.985971944    0.417680823    0.417683547    0.417683400
   13.046092184    0.423174027    0.423178973    0.423176846
   13.106212425    0.498542662    0.498550125    0.498544851
   13.166332665    0.578512649    0.578521286    0.578513593
   13.226452906    0.567803106    0.567812537    0.567803679
   13.286573146    0.544358682    0.544370032    0.544358756
   13.346693387    0.493864517    0.493872399    0.493862325
   13.406813627    0.447426085    0.447421738    0.447423930
   13.466933868    0.388122418    0.388112737    0.388118966
   13.527054108    0.327484109    0.327476315    0.327480569
   13.587174349    0.265595581    0.265591018    0.265594202
   13.647294589    0.230224235    0.230223590    0.230225037
   13.707414830    0.236005567    0.236009392    0.236010027
   13.767535070    0.277897388    0.277905838    0.277907242
   13.827655311    0.342353316    0.342358955    0.342359187
   13.887775551    0.396284047    0.396283837    0.396280573
   13.947895792    0.423938010    0.423934776    0.423932069
   14.008016032    0.437389715    0.437385810    0.437386659
   14.068136273    0.425874461    0.425871894    0.425873587
   14.128256513    0.420063488    0.420060445    0.420061793
   14.188376754    0.423707148    0.423698355    0.423701221
   14.248496994    0.492479488    0.492461059    0.492467911
   14.308617234    0.620931492    0.620905952    0.620918987
   14.368737475    0.656457471    0.656437293    0.656452132
   14.428857715    0.564962497    0.564948758    0.564964638
   14.488977956    0.540545260    0.540532511    0.540553153
   14.549098196    0.549078114    0.549075603    0.549093597
   14.609218437    0.505552973    0.505555244    0.505566916
   14.669338677    0.435457615    0.435460787    0.435465688
   14.729458918    0.410467700    0.410474747    0.410475278
   14.789579158    0.415986229    0.415996907    0.415995742
   14.849699399    0.375408898    0.375418140    0.375417450
   14.909819639    0.320793870    0.320802049    0.320799991
   14.969939880    0.320662383    0.320673104    0.320667708
   15.030060120    0.375785967    0.375800661    0.375790939
   15.090180361    0.447410032    0.447423845    0.447411997
   15.150300601    0.487889517    0.487897902    0.487891996
   15.210420842    0.569304695    0.569309392    0.569315421
   15.270541082    0.737891892    0.737896112    0.737911548
   15.330661323    0.857248895    0.857257065    0.857269165
   15.390781563    0.772377352    0.772386493    0.772402955
   15.450901804    0.646263496    0.646275501    0.646292541
   15.511022044    0.575373586    0.575381802    0.575390321
   15.571142285    0.567324415    0.567325673    0.567318638
   15.631262525    0.646597576    0.646595892    0.646573769
   15.691382766    0.659185488    0.659180732    0.659157281
   15.751503006    0.618923751    0.618913233    0.618899732
   15.811623246    0.598059494    0.598046218    0.598042489
   15.871743487    0.611203282    0.611190078    0.611193608
   15.931863727    0.571586458    0.571576370    0.571583583
   15.991983968    0.503376788    0.503366620    0.503372598
   16.052104208    0.498030313    0.498021198    0.498022677
   16.112224449    0.561123319    0.561114096    0.561109700
   16.172344689    0.638009139    0.637994222    0.637981202
   16.232464930    0.738448862    0.738424473    0.738398648
   16.292585170    0.835579150    0.835542011    0.835496312
   16.352705411    1.018725936    1.018664792    1.018583278
   16.412825651    1.388548580    1.388451504    1.388373157
   16.472945892    1.570606478    1.570522724    1.570565451
   16.533066132    1.383195356    1.383161666    1.383229122
   16.593186373    1.184045932    1.184045532    1.184102951
   16.653306613    1.085075793    1.085091873    1.085148844
   16.713426854    1.027562097    1.027594334    1.027650681
   16.773547094    1.073398372    1.073466893    1.073523680
   16.833667335    1.366036746    1.366183713    1.366260932
   16.893787575    2.038117942    2.038423305    2.038553802
   16.953907816    2.863930334    2.864325287    2.864472613
   17.014028056    2.670570658    2.670769722    2.670833100
   17.074148297    2.036561733    2.036625769    2.036673591
   17.134268537    1.707007080    1.706997687    1.707051794
   17.194388778    1.595528006    1.595487847    1.595549288
   17.254509018    1.639468632    1.639411540    1.639490648
   17.314629259    1.825073311    1.824994440    1.825087024
   17.374749499    1.944435643    1.944348378    1.944418880
   17.434869739    2.178881797    2.178783558    2.178841744
   17.494989980    2.328993886    2.328898087    2.328966758
   17.555110220    2.512308511    2.512199241    2.512322288
   17.615230461    3.262341316    3.262198655    3.262384312
   17.675350701    4.003994264    4.003857535    4.003953390
   17.735470942    4.114141051    4.113985052    4.113962807
   17.795591182    3.909941270    3.909813289    3.909742903
   17.855711423    3.419114627    3.419035394    3.418975901
   17.915831663    3.444746840    3.444648778    3.444636372
   17.975951904    4.342561750    4.342332490    4.342435424
   18.036072144    6.059548537    6.059165600    6.059286572
   18.096192385    7.198707238    7.198455076    7.198368165
   18.156312625    7.274819070    7.274792314    7.274595942
   18.216432866    8.515530586    8.515705658    8.515341445
   18.276553106    9.814495302    9.814982973    9.814439133
   18.336673347    8.260356995    8.260881899    8.260388992
   18.396793587    6.800101566    6.800550868    6.800158295
   18.456913828    6.680989673    6.681470484    6.681177815
   18.517034068    6.816750759    6.817227510    6.817105818
   18.577154309    6.385962265    6.386159684    6.386139391
   18.637274549    5.814114212    5.814145917    5.814165569
   18.697394790    5.541194358    5.541165050    5.541180335
   18.757515030    6.041788274    6.041714538    6.041713613
   18.817635271    7.534862805    7.534763041    7.534726736
   18.877755511   10.349973473   10.349758966   10.349645890
   18.937875752   12.092846444   12.092085942   12.092049776
   18.997995992    9.873336693    9.872259719    9.872449305
   19.058116232    8.455456020    8.454386439    8.454685875
   19.118236473    8.077859413    8.076950198    8.077155869
   19.178356713    7.901096524    7.900535521    7.900466146
   19.238476954    8.557936237    8.557728732    8.557298831
   19.298597194    8.242807753    8.242874985    8.242388099
   19.358717435    7.433692062    7.433614618    7.433461545
   19.418837675    7.512962039    7.512983125    7.512862148
   19.478957916    8.276800524    8.277077327    8.276779261
   19.539078156   10.113331630   10.113957826   10.113383638
   19.599198397   11.255146267   11.255717350   11.255742436
   19.659318637    9.565796585    9.565804201    9.566692148
   19.719438878    7.231486893    7.231303569    7.232097124
   19.779559118    5.385925386    5.385766317    5.386245445
   19.839679359    4.657473640    4.657395735    4.657658288
   19.899799599    4.656595377    4.656695999    4.656650223
   19.959919840    4.745633669    4.745803708    4.745407189
   20.020040080    4.590498706    4.590543362    4.590242958
   20.080160321    4.369553630    4.369377235    4.369131845
   20.140280561    3.862443630    3.862367260    3.861944921
   20.200400802    3.192753784    3.192813286    3.192571428
   20.260521042    2.616584128    2.616635700    2.616524380
   20.320641283    2.482041174    2.482062507    2.481928415
   20.380761523    2.669007679    2.668981944    2.668821703
   20.440881764    2.653989615    2.653888057    2.653768213
   20.501002004    2.581194656    2.581085382    2.580985936
   20.561122244    2.339289259    2.339287350    2.339192367
   20.621242485    2.146210044    2.146316611    2.146173897
   20.681362725    2.186303980    2.186486935    2.186350165
   20.741482966    2.183234047    2.183419114    2.183407641
   20.801603206    2.022382045    2.022539074    2.022771185
   20.861723447    1.851870773    1.852032018    1.852502919
   20.921843687    1.803820147    1.803968323    1.804398975
   20.981963928    1.776648314    1.776828834    1.777176929
   21.042084168    1.813995509    1.814177097    1.814465562
   21.102204409    1.811744296    1.811846739    1.812105535
   21.162324649    1.705597386    1.705587820    1.705905214
   21.222444890    1.676078073    1.676045676    1.676420196
   21.282565130    1.535416251    1.535447600    1.535743973
   21.342685371    1.131806556    1.131833904    1.132031355
   21.402805611    0.836333492    0.836317568    0.836455133
   21.462925852    0.735462540    0.735407038    0.735525217
   21.523046092    0.746388481    0.746291472    0.746426149
   21.583166333    0.755802712    0.755665116    0.755823738
   21.643286573    0.743817384    0.743672904    0.743775120
   21.703406814    0.726738183    0.726604290    0.726650121
   21.763527054    0.605717356    0.605642734    0.605674897
   21.823647295    0.474547693    0.474510740    0.474537266
   21.883767535    0.407609774    0.407584251    0.407597806
   21.943887776    0.400303816    0.400282157    0.400281393
   22.004008016    0.452962750    0.452945278    0.452921542
   22.064128257    0.567184980    0.567176253    0.567094514
   22.124248497    0.704467651    0.704484453    0.704311785
   22.184368737    0.703326498    0.703357205    0.703207227
   22.244488978    0.598660380    0.598680401    0.598630992
   22.304609218    0.543292323    0.543317487    0.543354812
   22.364729459    0.545009177    0.545074841    0.545166892
   22.424849699    0.515731984    0.515813898    0.515896111
   22.484969940    0.501688807    0.501748530    0.501796721
   22.545090180    0.506973988    0.507030467    0.507040657
   22.605210421    0.512388543    0.512469471    0.512433818
   22.665330661    0.477688664    0.477763264    0.477687932
   22.725450902    0.412496214    0.412546881    0.412460731
   22.785571142    0.384108102    0.384150354    0.384064990
   22.845691383    0.406882495    0.406930753    0.406845405
   22.905811623    0.422828761    0.422917580    0.422812182
   22.965931864    0.364369783    0.364473989    0.364375383
   23.026052104    0.298059111    0.298129307    0.298083915
   23.086172345    0.245066543    0.245119969    0.245103145
   23.146292585    0.212504101    0.212547490    0.212530882
   23.206412826    0.203269961    0.203296911    0.203276052
   23.266533066    0.203271894    0.203288532    0.203268283
   23.326653307    0.222476123    0.222479612    0.222466495
   23.386773547    0.244711893    0.244708347    0.244704974
   23.446893788    0.249196220    0.249198901    0.249197068
   23.507014028    0.240590717    0.240590288    0.240588873
   23.567134269    0.248252811    0.248233363    0.248235417
   23.627254509    0.272181931    0.272138576    0.272150266
   23.687374749    0.236906002    0.236867977    0.236879401
   23.747494990    0.192762256    0.192753607    0.192753198
   23.807615230    0.180952221    0.180973683    0.180960495
   23.867735471    0.206727912    0.206786073    0.206755531
   23.927855711    0.258042136    0.258139127    0.258080234
   23.987975952    0.288381541    0.288482985    0.288398754
   24.048096192    0.271484684    0.271549116    0.271481170
   24.108216433    0.256806880    0.256838464    0.256796789
   24.168336673    0.261241789    0.261250186    0.261227294
   24.228456914    0.254050040    0.254042878    0.254038604
   24.288577154    0.219800549    0.219800577    0.219801417
   24.348697395    0.210439943    0.210450077    0.210451662
   24.408817635    0.225346215    0.225363452    0.225368877
   24.468937876    0.238016401    0.238039225    0.238053960
   24.529058116    0.245742199    0.245760972    0.245785682
   24.589178357    0.279832488    0.279866678    0.279874806
   24.649298597    0.342884971    0.342939254    0.342936743
   24.709418838    0.405128217    0.405215350    0.405212635
   24.769539078    0.352845543    0.352947758    0.352945175
   24.829659319    0.247314492    0.247382909    0.247385422
   24.889779559    0.187716783    0.187751669    0.187758630
   24.949899800    0.162532318    0.162548505    0.162554741
   25.010020040    0.151085968    0.151092326    0.151099837
   25.070140281    0.152107386    0.152107243    0.152120191
   25.130260521    0.151704092    0.151700944    0.151720214
   25.190380762    0.142898311    0.142895171    0.142919519
   25.250501002    0.123474712    0.123472152    0.123489712
   25.310621242    0.105344926    0.105343015    0.105351789
   25.370741483    0.096932445    0.096932181    0.096934418
   25.430861723    0.093357505    0.093362193    0.093359193
   25.490981964    0.087936841    0.087945007    0.087939990
   25.551102204    0.086462682    0.086475385    0.086469779
   25.611222445    0.100258498    0.100278478    0.100271219
   25.671342685    0.124415624    0.124436237    0.124432355
   25.731462926    0.140101561    0.140117744    0.140120484
   25.791583166    0.137031261    0.137053335    0.137057643
   25.851703407    0.127758694    0.127780080    0.127781914
   25.911823647    0.108914215    0.108930453    0.108923140
   25.971943888    0.097042496    0.097061197    0.097036578
   26.032064128    0.098924908    0.098953091    0.098906592
   26.092184369    0.093191846    0.093222736    0.093175419
   26.152304609    0.083744314    0.083769876    0.083737548
   26.212424850    0.087383358    0.087408031    0.087382789
   26.272545090    0.094124033    0.094148495    0.094125838
   26.332665331    0.090519854    0.090539049    0.090522367
   26.392785571    0.086900288    0.086915348    0.086903872
   26.452905812    0.088985162    0.088999032    0.088989159
   26.513026052    0.077239281    0.077247628    0.077240710
   26.573146293    0.065362659    0.065366594    0.065362793
   26.633266533    0.060717987    0.060718944    0.060716490
   26.693386774    0.054844920    0.054844442    0.054842246
   26.753507014    0.048309399    0.048309084    0.048306426
   26.813627255    0.048130834    0.048130347    0.048126391
   26.873747495    0.053280057    0.053278986    0.053274668
   26.933867735    0.060616666    0.060616328    0.060614765
   26.993987976    0.068407558    0.068408417    0.068410470
   27.054108216    0.067818504    0.067817665    0.067824664
   27.114228457    0.065809214    0.065807772    0.065820200
   27.174348697    0.075485813    0.075484784    0.075505582
   27.234468938    0.080845375    0.080843497    0.080871404
   27.294589178    0.072974349    0.072966755    0.072996986
   27.354709419    0.075349091    0.075331123    0.075369147
   27.414829659    0.081356296    0.081326901    0.081372439
   27.474949900    0.070296830    0.070270706    0.070306250
   27.535070140    0.052881780    0.052866274    0.052887920
   27.595190381    0.038894947    0.038886370    0.038899147
   27.655310621    0.030236235    0.030231227    0.030239075
   27.715430862    0.025706404    0.025703266    0.025708396
   27.775551102    0.023654587    0.023652515    0.023656001
   27.835671343    0.023449108    0.023447696    0.023450050
   27.895791583    0.023795138    0.023794129    0.023795678
   27.955911824    0.022492013    0.022491214    0.022492294
   28.016032064    0.021870046    0.021869308    0.021869980
   28.076152305    0.022653589    0.022653097    0.022653280
   28.136272545    0.021966230    0.021966422    0.021966288
   28.196392786    0.020580011    0.020580630    0.020580300
   28.256513026    0.020584785    0.020585940    0.020585207
   28.316633267    0.021267406    0.021268661    0.021267910
   28.376753507    0.023017834    0.023018871    0.023018495
   28.436873747    0.026907071    0.026907301    0.026908173
   28.496993988    0.033674509    0.033672825    0.033676000
   28.557114228    0.040740081    0.040736035    0.040740521
   28.617234469    0.043959480    0.043956491    0.043963410
   28.677354709    0.048260980    0.048259950    0.048271767
   28.737474950    0.049671495    0.049670935    0.049683300
   28.797595190    0.046624279    0.046625528    0.046627659
   28.857715431    0.043207923    0.043209033    0.043201072
   28.917835671    0.037426560    0.037425005    0.037412512
   28.977955912    0.031066934    0.031063881    0.031051638
   29.038076152    0.027058266    0.027054776    0.027044758
   29.098196393    0.024765148    0.024762521    0.024756158
   29.158316633    0.025006763    0.025004426    0.025000239
   29.218436874    0.025130430    0.025127930    0.025124948
   29.278557114    0.024275091    0.024273117    0.024269386
   29.338677355    0.023888226    0.023887349    0.023882736
   29.398797595    0.024002353    0.024001996    0.023997881
   29.458917836    0.023611536    0.023612085    0.023606959
   29.519038076    0.023413762    0.023415255    0.023408257
   29.579158317    0.021527984    0.021528701    0.021522086
   29.639278557    0.021603762    0.021602942    0.021596755
   29.699398798    0.021671732    0.021670024    0.021665052
   29.759519038    0.018127432    0.018126112    0.018123221
   29.819639279    0.015404666    0.015403792    0.015401928
   29.879759519    0.014528638    0.014527908    0.014526470
   29.939879760    0.015155769    0.015154953    0.015153580
   30.000000000    0.017541593    0.017540480    0.017538785
