# energy grid [eV]     ieps_x  ieps_y  ieps_z
#
    0.000000000   20.201222338   20.201234878   20.201223912
    0.060120240   20.181568252   20.181580771   20.181569819
    0.120240481   20.143863904   20.143876383   20.143865455
    0.180360721   20.094409101   20.094421528   20.094410633
    0.240480962   20.033491593   20.033503956   20.033493101
    0.300601202   19.961371968   19.961384255   19.961373448
    0.360721443   19.878353946   19.878366147   19.878355394
    0.420841683   19.784781220   19.784793324   19.784782633
    0.480961924   19.681033679   19.681045675   19.681035053
    0.541082164   19.567523357   19.567535236   19.567524690
    0.601202405   19.444690207   19.444701962   19.444691497
    0.661322645   19.312997761   19.313009383   19.312999006
    0.721442886   19.172928763   19.172940244   19.172929960
    0.781563126   19.024980844   19.024992178   19.024981993
    0.841683367   18.869662309   18.869673491   18.869663409
    0.901803607   18.707488089   18.707499112   18.707489139
    0.961923848   18.538975898   18.538986758   18.538976898
    1.022044088   18.364642655   18.364653349   18.364643606
    1.082164329   18.185001183   18.185011708   18.185002085
    1.142284569   18.000557211   18.000567563   18.000558064
    1.202404810   17.811806696   17.811816874   17.811807502
    1.262525050   17.619233468   17.619243470   17.619234228
    1.322645291   17.423307193   17.423317020   17.423307910
    1.382765531   17.224481658   17.224491308   17.224482332
    1.442885772   17.023193348   17.023202822   17.023193982
    1.503006012   16.819860319   16.819869616   16.819860914
    1.563126253   16.614881334   16.614890456   16.614881893
    1.623246493   16.408635249   16.408644198   16.408635775
    1.683366733   16.201480629   16.201489405   16.201481123
    1.743486974   15.993755554   15.993764161   15.993756019
    1.803607214   15.785777625   15.785786064   15.785778063
    1.863727455   15.577844111   15.577852383   15.577844525
    1.923847695   15.370232244   15.370240354   15.370232636
    1.983967936   15.163199631   15.163207580   15.163200003
    2.044088176   14.956984755   14.956992547   14.956985111
    2.104208417   14.751807570   14.751815207   14.751807910
    2.164328657   14.547870146   14.547877632   14.547870474
    2.224448898   14.345357379   14.345364717   14.345357697
    2.284569138   14.144437723   14.144444916   14.144438033
    2.344689379   13.945263959   13.945271010   13.945264262
    2.404809619   13.747973971   13.747980884   13.747974271
    2.464929860   13.552691536   13.552698314   13.552691833
    2.525050100   13.359527104   13.359533750   13.359527400
    2.585170341   13.168578578   13.168585095   13.168578875
    2.645290581   12.979932075   12.979938468   12.979932376
    2.705410822   12.793662677   12.793668948   12.793662982
    2.765531062   12.609835150   12.609841302   12.609835460
    2.825651303   12.428504650   12.428510686   12.428504967
    2.885771543   12.249717396   12.249723320   12.249717722
    2.945891784   12.073511319   12.073517133   12.073511654
    3.006012024   11.899916679   11.899922386   11.899917024
    3.066132265   11.728956656   11.728962260   11.728957013
    3.126252505   11.560647910   11.560653412   11.560648278
    3.186372745   11.395001107   11.395006512   11.395001489
    3.246492986   11.232021428   11.232026737   11.232021823
    3.306613226   11.071709031   11.071714247   11.071709440
    3.366733467   10.914059501   10.914064627   10.914059926
    3.426853707   10.759064266   10.759069304   10.759064706
    3.486973948   10.606710982   10.606715935   10.606711438
    3.547094188   10.456983903   10.456988773   10.456984375
    3.607214429   10.309864216   10.309869005   10.309864705
    3.667334669   10.165330360   10.165335070   10.165330865
    3.727454910   10.023358317   10.023362952   10.023358840
    3.787575150    9.883921892    9.883926452    9.883922432
    3.847695391    9.746992955    9.746997443    9.746993512
    3.907815631    9.612541684    9.612546101    9.612542259
    3.967935872    9.480536776    9.480541126    9.480537369
    4.028056112    9.350945651    9.350949934    9.350946261
    4.088176353    9.223734628    9.223738846    9.223735256
    4.148296593    9.098869100    9.098873255    9.098869746
    4.208416834    8.976313687    8.976317781    8.976314350
    4.268537074    8.856032376    8.856036409    8.856033056
    4.328657315    8.737988651    8.737992627    8.737989349
    4.388777555    8.622145615    8.622149535    8.622146330
    4.448897796    8.508466094    8.508469957    8.508466825
    4.509018036    8.396912733    8.396916543    8.396913482
    4.569138277    8.287448092    8.287451850    8.287448857
    4.629258517    8.180034721    8.180038428    8.180035503
    4.689378758    8.074635235    8.074638892    8.074636033
    4.749498998    7.971212378    7.971215986    7.971213192
    4.809619238    7.869729085    7.869732645    7.869729914
    4.869739479    7.770148530    7.770152044    7.770149375
    4.929859719    7.672434178    7.672437647    7.672435038
    4.989979960    7.576549824    7.576553250    7.576550700
    5.050100200    7.482459633    7.482463015    7.482460522
    5.110220441    7.390128166    7.390131507    7.390129070
    5.170340681    7.299520418    7.299523717    7.299521336
    5.230460922    7.210601835    7.210605094    7.210602767
    5.290581162    7.123338339    7.123341560    7.123339285
    5.350701403    7.037696348    7.037699531    7.037697307
    5.410821643    6.953642787    6.953645932    6.953643758
    5.470941884    6.871145104    6.871148213    6.871146088
    5.531062124    6.790171281    6.790174354    6.790172277
    5.591182365    6.710689839    6.710692877    6.710690847
    5.651302605    6.632669848    6.632672852    6.632670868
    5.711422846    6.556080932    6.556083902    6.556081962
    5.771543086    6.480893267    6.480896204    6.480894308
    5.831663327    6.407077588    6.407080494    6.407078640
    5.891783567    6.334605188    6.334608062    6.334606250
    5.951903808    6.263447914    6.263450758    6.263448986
    6.012024048    6.193578169    6.193580983    6.193579252
    6.072144289    6.124968908    6.124971693    6.124970000
    6.132264529    6.057593633    6.057596389    6.057594734
    6.192384770    5.991426388    5.991429116    5.991427498
    6.252505010    5.926441758    5.926444458    5.926442876
    6.312625251    5.862614857    5.862617530    5.862615984
    6.372745491    5.799921329    5.799923975    5.799922464
    6.432865731    5.738337333    5.738339954    5.738338476
    6.492985972    5.677839544    5.677842140    5.677840695
    6.553106212    5.618405141    5.618407711    5.618406298
    6.613226453    5.560011798    5.560014344    5.560012963
    6.673346693    5.502637681    5.502640203    5.502638853
    6.733466934    5.446261436    5.446263934    5.446262614
    6.793587174    5.390862182    5.390864656    5.390863366
    6.853707415    5.336419501    5.336421953    5.336420691
    6.913827655    5.282913432    5.282915862    5.282914628
    6.973947896    5.230324463    5.230326871    5.230325664
    7.034068136    5.178633518    5.178635904    5.178634724
    7.094188377    5.127821951    5.127824316    5.127823163
    7.154308617    5.077871540    5.077873884    5.077872756
    7.214428858    5.028764473    5.028766797    5.028765694
    7.274549098    4.980483344    4.980485648    4.980484569
    7.334669339    4.933011141    4.933013426    4.933012371
    7.394789579    4.886331242    4.886333507    4.886332476
    7.454909820    4.840427400    4.840429646    4.840428638
    7.515030060    4.795283743    4.795285970    4.795284984
    7.575150301    4.750884757    4.750886966    4.750886002
    7.635270541    4.707215286    4.707217477    4.707216534
    7.695390782    4.664260518    4.664262691    4.664261769
    7.755511022    4.622005979    4.622008135    4.622007233
    7.815631263    4.580437529    4.580439667    4.580438785
    7.875751503    4.539541347    4.539543468    4.539542606
    7.935871743    4.499303931    4.499306035    4.499305192
    7.995991984    4.459712084    4.459714173    4.459713348
    8.056112224    4.420752914    4.420754986    4.420754179
    8.116232465    4.382413819    4.382415875    4.382415086
    8.176352705    4.344682486    4.344684527    4.344683756
    8.236472946    4.307546883    4.307548908    4.307548154
    8.296593186    4.270995250    4.270997260    4.270996522
    8.356713427    4.235016094    4.235018089    4.235017368
    8.416833667    4.199598184    4.199600164    4.199599458
    8.476953908    4.164730541    4.164732507    4.164731817
    8.537074148    4.130402436    4.130404388    4.130403713
    8.597194389    4.096603383    4.096605320    4.096604661
    8.657314629    4.063323130    4.063325054    4.063324408
    8.717434870    4.030551658    4.030553567    4.030552936
    8.777555110    3.998279170    3.998281066    3.998280449
    8.837675351    3.966496092    3.966497975    3.966497371
    8.897795591    3.935193062    3.935194932    3.935194342
    8.957915832    3.904360929    3.904362785    3.904362208
    9.018036072    3.873990743    3.873992587    3.873992022
    9.078156313    3.844073756    3.844075587    3.844075035
    9.138276553    3.814601412    3.814603231    3.814602691
    9.198396794    3.785565346    3.785567153    3.785566625
    9.258517034    3.756957378    3.756959172    3.756958656
    9.318637275    3.728769506    3.728771288    3.728770783
    9.378757515    3.700993906    3.700995677    3.700995183
    9.438877756    3.673622925    3.673624684    3.673624202
    9.498997996    3.646649079    3.646650826    3.646650354
    9.559118236    3.620065044    3.620066780    3.620066319
    9.619238477    3.593863659    3.593865384    3.593864933
    9.679358717    3.568037917    3.568039631    3.568039190
    9.739478958    3.542580963    3.542582665    3.542582234
    9.799599198    3.517486089    3.517487781    3.517487359
    9.859719439    3.492746733    3.492748415    3.492748003
    9.919839679    3.468356475    3.468358146    3.468357743
    9.979959920    3.444309031    3.444310692    3.444310298
   10.040080160    3.420598252    3.420599902    3.420599516
   10.100200401    3.397218119    3.397219759    3.397219382
   10.160320641    3.374162742    3.374164372    3.374164004
   10.220440882    3.351426357    3.351427977    3.351427617
   10.280561122    3.329003320    3.329004930    3.329004578
   10.340681363    3.306888107    3.306889708    3.306889364
   10.400801603    3.285075311    3.285076902    3.285076565
   10.460921844    3.263559636    3.263561217    3.263560888
   10.521042084    3.242335898    3.242337470    3.242337149
   10.581162325    3.221399023    3.221400586    3.221400272
   10.641282565    3.200744039    3.200745593    3.200745286
   10.701402806    3.180366080    3.180367625    3.180367325
   10.761523046    3.160260379    3.160261915    3.160261622
   10.821643287    3.140422268    3.140423795    3.140423508
   10.881763527    3.120847174    3.120848692    3.120848412
   10.941883768    3.101530619    3.101532128    3.101531854
   11.002004008    3.082468215    3.082469715    3.082469448
   11.062124248    3.063655664    3.063657156    3.063656895
   11.122244489    3.045088757    3.045090241    3.045089986
   11.182364729    3.026763368    3.026764843    3.026764594
   11.242484970    3.008675454    3.008676921    3.008676678
   11.302605210    2.990821055    2.990822514    2.990822276
   11.362725451    2.973196291    2.973197741    2.973197509
   11.422845691    2.955797356    2.955798799    2.955798572
   11.482965932    2.938620524    2.938621959    2.938621738
   11.543086172    2.921662142    2.921663569    2.921663352
   11.603206413    2.904918627    2.904920046    2.904919835
   11.663326653    2.888386470    2.888387881    2.888387675
   11.723446894    2.872062229    2.872063633    2.872063432
   11.783567134    2.855942531    2.855943928    2.855943731
   11.843687375    2.840024069    2.840025458    2.840025266
   11.903807615    2.824303599    2.824304981    2.824304793
   11.963927856    2.808777942    2.808779316    2.808779133
   12.024048096    2.793443979    2.793445346    2.793445168
   12.084168337    2.778298653    2.778300013    2.778299839
   12.144288577    2.763338966    2.763340318    2.763340149
   12.204408818    2.748561975    2.748563320    2.748563155
   12.264529058    2.733964796    2.733966135    2.733965973
   12.324649299    2.719544600    2.719545932    2.719545774
   12.384769539    2.705298611    2.705299936    2.705299782
   12.444889780    2.691224106    2.691225424    2.691225274
   12.505010020    2.677318414    2.677319725    2.677319579
   12.565130261    2.663578913    2.663580217    2.663580075
   12.625250501    2.650003032    2.650004330    2.650004191
   12.685370741    2.636588247    2.636589539    2.636589403
   12.745490982    2.623332083    2.623333368    2.623333236
   12.805611222    2.610232110    2.610233388    2.610233260
   12.865731463    2.597285942    2.597287214    2.597287089
   12.925851703    2.584491239    2.584492504    2.584492383
   12.985971944    2.571845703    2.571846963    2.571846844
   13.046092184    2.559347081    2.559348334    2.559348218
   13.106212425    2.546993157    2.546994404    2.546994291
   13.166332665    2.534781759    2.534782999    2.534782890
   13.226452906    2.522710753    2.522711988    2.522711881
   13.286573146    2.510778045    2.510779274    2.510779170
   13.346693387    2.498981579    2.498982801    2.498982701
   13.406813627    2.487319334    2.487320551    2.487320453
   13.466933868    2.475789328    2.475790539    2.475790444
   13.527054108    2.464389614    2.464390819    2.464390726
   13.587174349    2.453118278    2.453119478    2.453119388
   13.647294589    2.441973444    2.441974637    2.441974550
   13.707414830    2.430953266    2.430954453    2.430954368
   13.767535070    2.420055931    2.420057113    2.420057031
   13.827655311    2.409279661    2.409280837    2.409280757
   13.887775551    2.398622706    2.398623877    2.398623800
   13.947895792    2.388083350    2.388084515    2.388084440
   14.008016032    2.377659903    2.377661063    2.377660990
   14.068136273    2.367350709    2.367351863    2.367351793
   14.128256513    2.357154138    2.357155287    2.357155218
   14.188376754    2.347068589    2.347069733    2.347069666
   14.248496994    2.337092490    2.337093628    2.337093564
   14.308617234    2.327224294    2.327225427    2.327225364
   14.368737475    2.317462482    2.317463610    2.317463549
   14.428857715    2.307805561    2.307806684    2.307806626
   14.488977956    2.298252064    2.298253182    2.298253125
   14.549098196    2.288800549    2.288801661    2.288801606
   14.609218437    2.279449596    2.279450703    2.279450651
   14.669338677    2.270197813    2.270198915    2.270198865
   14.729458918    2.261043830    2.261044927    2.261044878
   14.789579158    2.251986298    2.251987391    2.251987343
   14.849699399    2.243023895    2.243024982    2.243024937
   14.909819639    2.234155317    2.234156400    2.234156356
   14.969939880    2.225379285    2.225380363    2.225380320
   15.030060120    2.216694539    2.216695612    2.216695571
   15.090180361    2.208099842    2.208100910    2.208100871
   15.150300601    2.199593975    2.199595038    2.199595001
   15.210420842    2.191175742    2.191176800    2.191176764
   15.270541082    2.182843964    2.182845018    2.182844983
   15.330661323    2.174597484    2.174598533    2.174598500
   15.390781563    2.166435162    2.166436206    2.166436175
   15.450901804    2.158355878    2.158356917    2.158356887
   15.511022044    2.150358528    2.150359563    2.150359535
   15.571142285    2.142442030    2.142443060    2.142443033
   15.631262525    2.134605315    2.134606341    2.134606315
   15.691382766    2.126847334    2.126848355    2.126848331
   15.751503006    2.119167054    2.119168071    2.119168048
   15.811623246    2.111563460    2.111564473    2.111564451
   15.871743487    2.104035551    2.104036559    2.104036538
   15.931863727    2.096582343    2.096583347    2.096583328
   15.991983968    2.089202869    2.089203868    2.089203850
   16.052104208    2.081896175    2.081897170    2.081897153
   16.112224449    2.074661323    2.074662314    2.074662298
   16.172344689    2.067497391    2.067498378    2.067498363
   16.232464930    2.060403470    2.060404453    2.060404439
   16.292585170    2.053378667    2.053379645    2.053379632
   16.352705411    2.046422100    2.046423074    2.046423062
   16.412825651    2.039532903    2.039533873    2.039533863
   16.472945892    2.032710225    2.032711190    2.032711181
   16.533066132    2.025953224    2.025954186    2.025954177
   16.593186373    2.019261075    2.019262032    2.019262024
   16.653306613    2.012632963    2.012633916    2.012633909
   16.713426854    2.006068087    2.006069036    2.006069030
   16.773547094    1.999565658    1.999566603    1.999566599
   16.833667335    1.993124899    1.993125841    1.993125837
   16.893787575    1.986745045    1.986745983    1.986745980
   16.953907816    1.980425343    1.980426277    1.980426275
   17.014028056    1.974165050    1.974165980    1.974165979
   17.074148297    1.967963436    1.967964362    1.967964362
   17.134268537    1.961819781    1.961820704    1.961820704
   17.194388778    1.955733377    1.955734295    1.955734296
   17.254509018    1.949703524    1.949704439    1.949704440
   17.314629259    1.943729535    1.943730446    1.943730449
   17.374749499    1.937810734    1.937811641    1.937811644
   17.434869739    1.931946451    1.931947354    1.931947358
   17.494989980    1.926136030    1.926136930    1.926136935
   17.555110220    1.920378823    1.920379719    1.920379725
   17.615230461    1.914674192    1.914675085    1.914675091
   17.675350701    1.909021509    1.909022397    1.909022404
   17.735470942    1.903420153    1.903421038    1.903421045
   17.795591182    1.897869514    1.897870395    1.897870403
   17.855711423    1.892368990    1.892369868    1.892369877
   17.915831663    1.886917990    1.886918864    1.886918874
   17.975951904    1.881515928    1.881516799    1.881516809
   18.036072144    1.876162230    1.876163097    1.876163108
   18.096192385    1.870856327    1.870857191    1.870857202
   18.156312625    1.865597661    1.865598521    1.865598533
   18.216432866    1.860385681    1.860386538    1.860386550
   18.276553106    1.855219843    1.855220696    1.855220709
   18.336673347    1.850099612    1.850100462    1.850100476
   18.396793587    1.845024460    1.845025307    1.845025321
   18.456913828    1.839993867    1.839994711    1.839994725
   18.517034068    1.835007321    1.835008161    1.835008176
   18.577154309    1.830064315    1.830065152    1.830065167
   18.637274549    1.825164351    1.825165184    1.825165200
   18.697394790    1.820306938    1.820307768    1.820307784
   18.757515030    1.815491590    1.815492417    1.815492434
   18.817635271    1.810717832    1.810718655    1.810718673
   18.877755511    1.805985190    1.805986010    1.805986028
   18.937875752    1.801293201    1.801294018    1.801294037
   18.997995992    1.796641408    1.796642221    1.796642240
   19.058116232    1.792029357    1.792030168    1.792030187
   19.118236473    1.787456604    1.787457411    1.787457431
   19.178356713    1.782922709    1.782923514    1.782923534
   19.238476954    1.778427240    1.778428041    1.778428062
   19.298597194    1.773969768    1.773970567    1.773970588
   19.358717435    1.769549873    1.769550669    1.769550690
   19.418837675    1.765167139    1.765167931    1.765167953
   19.478957916    1.760821156    1.760821945    1.760821967
   19.539078156    1.756511519    1.756512305    1.756512328
   19.599198397    1.752237830    1.752238613    1.752238635
   19.659318637    1.747999694    1.748000474    1.748000497
   19.719438878    1.743796724    1.743797501    1.743797525
   19.779559118    1.739628537    1.739629311    1.739629335
   19.839679359    1.735494754    1.735495525    1.735495549
   19.899799599    1.731395004    1.731395772    1.731395796
   19.959919840    1.727328917    1.727329682    1.727329707
   20.020040080    1.723296132    1.723296894    1.723296919
   20.080160321    1.719296289    1.719297049    1.719297074
   20.140280561    1.715329037    1.715329793    1.715329819
   20.200400802    1.711394025    1.711394778    1.711394804
   20.260521042    1.707490910    1.707491661    1.707491687
   20.320641283    1.703619352    1.703620100    1.703620126
   20.380761523    1.699779017    1.699779762    1.699779788
   20.440881764    1.695969573    1.695970315    1.695970342
   20.501002004    1.692190694    1.692191433    1.692191460
   20.561122244    1.688442058    1.688442794    1.688442822
   20.621242485    1.684723346    1.684724080    1.684724108
   20.681362725    1.681034246    1.681034978    1.681035006
   20.741482966    1.677374448    1.677375176    1.677375204
   20.801603206    1.673743644    1.673744370    1.673744399
   20.861723447    1.670141535    1.670142258    1.670142287
   20.921843687    1.666567821    1.666568542    1.666568570
   20.981963928    1.663022209    1.663022927    1.663022956
   21.042084168    1.659504408    1.659505123    1.659505152
   21.102204409    1.656014131    1.656014844    1.656014873
   21.162324649    1.652551096    1.652551806    1.652551836
   21.222444890    1.649115023    1.649115730    1.649115760
   21.282565130    1.645705636    1.645706340    1.645706370
   21.342685371    1.642322662    1.642323364    1.642323394
   21.402805611    1.638965833    1.638966533    1.638966563
   21.462925852    1.635634883    1.635635580    1.635635611
   21.523046092    1.632329550    1.632330245    1.632330275
   21.583166333    1.629049575    1.629050267    1.629050298
   21.643286573    1.625794701    1.625795391    1.625795422
   21.703406814    1.622564677    1.622565364    1.622565395
   21.763527054    1.619359253    1.619359937    1.619359969
   21.823647295    1.616178182    1.616178864    1.616178896
   21.883767535    1.613021222    1.613021901    1.613021933
   21.943887776    1.609888131    1.609888808    1.609888840
   22.004008016    1.606778673    1.606779348    1.606779380
   22.064128257    1.603692613    1.603693286    1.603693318
   22.124248497    1.600629720    1.600630390    1.600630422
   22.184368737    1.597589765    1.597590432    1.597590464
   22.244488978    1.594572521    1.594573186    1.594573218
   22.304609218    1.591577766    1.591578428    1.591578461
   22.364729459    1.588605279    1.588605939    1.588605972
   22.424849699    1.585654843    1.585655500    1.585655533
   22.484969940    1.582726241    1.582726897    1.582726929
   22.545090180    1.579819262    1.579819915    1.579819948
   22.605210421    1.576933696    1.576934347    1.576934380
   22.665330661    1.574069335    1.574069983    1.574070016
   22.725450902    1.571225973    1.571226620    1.571226653
   22.785571142    1.568403409    1.568404053    1.568404087
   22.845691383    1.565601443    1.565602084    1.565602118
   22.905811623    1.562819875    1.562820515    1.562820548
   22.965931864    1.560058512    1.560059149    1.560059182
   23.026052104    1.557317159    1.557317794    1.557317828
   23.086172345    1.554595627    1.554596259    1.554596293
   23.146292585    1.551893725    1.551894356    1.551894389
   23.206412826    1.549211269    1.549211897    1.549211931
   23.266533066    1.546548073    1.546548699    1.546548733
   23.326653307    1.543903957    1.543904580    1.543904614
   23.386773547    1.541278739    1.541279360    1.541279394
   23.446893788    1.538672242    1.538672861    1.538672895
   23.507014028    1.536084290    1.536084907    1.536084942
   23.567134269    1.533514710    1.533515325    1.533515359
   23.627254509    1.530963330    1.530963943    1.530963977
   23.687374749    1.528429980    1.528430591    1.528430625
   23.747494990    1.525914492    1.525915101    1.525915135
   23.807615230    1.523416701    1.523417308    1.523417342
   23.867735471    1.520936443    1.520937047    1.520937082
   23.927855711    1.518473555    1.518474157    1.518474192
   23.987975952    1.516027877    1.516028477    1.516028512
   24.048096192    1.513599252    1.513599850    1.513599884
   24.108216433    1.511187521    1.511188118    1.511188152
   24.168336673    1.508792532    1.508793126    1.508793161
   24.228456914    1.506414130    1.506414722    1.506414757
   24.288577154    1.504052164    1.504052755    1.504052789
   24.348697395    1.501706486    1.501707074    1.501707108
   24.408817635    1.499376945    1.499377531    1.499377566
   24.468937876    1.497063398    1.497063982    1.497064017
   24.529058116    1.494765698    1.494766280    1.494766315
   24.589178357    1.492483703    1.492484283    1.492484318
   24.649298597    1.490217272    1.490217850    1.490217885
   24.709418838    1.487966264    1.487966841    1.487966875
   24.769539078    1.485730542    1.485731116    1.485731151
   24.829659319    1.483509968    1.483510541    1.483510576
   24.889779559    1.481304408    1.481304979    1.481305014
   24.949899800    1.479113728    1.479114296    1.479114331
   25.010020040    1.476937795    1.476938361    1.476938396
   25.070140281    1.474776478    1.474777043    1.474777078
   25.130260521    1.472629649    1.472630212    1.472630247
   25.190380762    1.470497179    1.470497740    1.470497775
   25.250501002    1.468378941    1.468379500    1.468379535
   25.310621242    1.466274812    1.466275369    1.466275404
   25.370741483    1.464184666    1.464185221    1.464185256
   25.430861723    1.462108381    1.462108934    1.462108969
   25.490981964    1.460045836    1.460046388    1.460046423
   25.551102204    1.457996912    1.457997461    1.457997496
   25.611222445    1.455961489    1.455962037    1.455962072
   25.671342685    1.453939451    1.453939997    1.453940032
   25.731462926    1.451930681    1.451931225    1.451931260
   25.791583166    1.449935065    1.449935607    1.449935642
   25.851703407    1.447952489    1.447953029    1.447953064
   25.911823647    1.445982841    1.445983379    1.445983414
   25.971943888    1.444026009    1.444026546    1.444026581
   26.032064128    1.442081885    1.442082420    1.442082455
   26.092184369    1.440150358    1.440150891    1.440150926
   26.152304609    1.438231322    1.438231853    1.438231888
   26.212424850    1.436324669    1.436325199    1.436325234
   26.272545090    1.434430295    1.434430824    1.434430859
   26.332665331    1.432548096    1.432548622    1.432548657
   26.392785571    1.430677967    1.430678492    1.430678527
   26.452905812    1.428819808    1.428820331    1.428820366
   26.513026052    1.426973517    1.426974038    1.426974073
   26.573146293    1.425138993    1.425139513    1.425139548
   26.633266533    1.423316139    1.423316657    1.423316692
   26.693386774    1.421504857    1.421505373    1.421505408
   26.753507014    1.419705048    1.419705563    1.419705598
   26.813627255    1.417916619    1.417917132    1.417917166
   26.873747495    1.416139473    1.416139984    1.416140019
   26.933867735    1.414373517    1.414374026    1.414374061
   26.993987976    1.412618657    1.412619165    1.412619200
   27.054108216    1.410874803    1.410875310    1.410875344
   27.114228457    1.409141863    1.409142368    1.409142402
   27.174348697    1.407419746    1.407420250    1.407420284
   27.234468938    1.405708365    1.405708866    1.405708901
   27.294589178    1.404007629    1.404008129    1.404008164
   27.354709419    1.402317453    1.402317951    1.402317986
   27.414829659    1.400637749    1.400638246    1.400638280
   27.474949900    1.398968432    1.398968928    1.398968962
   27.535070140    1.397309418    1.397309912    1.397309946
   27.595190381    1.395660622    1.395661114    1.395661148
   27.655310621    1.394021961    1.394022452    1.394022486
   27.715430862    1.392393354    1.392393842    1.392393877
   27.775551102    1.390774718    1.390775205    1.390775239
   27.835671343    1.389165973    1.389166459    1.389166493
   27.895791583    1.387567040    1.387567525    1.387567559
   27.955911824    1.385977840    1.385978323    1.385978357
   28.016032064    1.384398294    1.384398775    1.384398809
   28.076152305    1.382828325    1.382828804    1.382828838
   28.136272545    1.381267856    1.381268334    1.381268368
   28.196392786    1.379716812    1.379717288    1.379717322
   28.256513026    1.378175117    1.378175592    1.378175626
   28.316633267    1.376642697    1.376643171    1.376643205
   28.376753507    1.375119479    1.375119951    1.375119985
   28.436873747    1.373605389    1.373605860    1.373605894
   28.496993988    1.372100356    1.372100825    1.372100859
   28.557114228    1.370604307    1.370604775    1.370604809
   28.617234469    1.369117173    1.369117639    1.369117673
   28.677354709    1.367638882    1.367639347    1.367639381
   28.737474950    1.366169366    1.366169830    1.366169863
   28.797595190    1.364708556    1.364709018    1.364709052
   28.857715431    1.363256383    1.363256844    1.363256878
   28.917835671    1.361812781    1.361813240    1.361813274
   28.977955912    1.360377683    1.360378140    1.360378174
   29.038076152    1.358951021    1.358951478    1.358951511
   29.098196393    1.357532732    1.357533187    1.357533221
   29.158316633    1.356122750    1.356123204    1.356123237
   29.218436874    1.354721011    1.354721463    1.354721496
   29.278557114    1.353327451    1.353327902    1.353327935
   29.338677355    1.351942007    1.351942457    1.351942490
   29.398797595    1.350564618    1.350565066    1.350565099
   29.458917836    1.349195220    1.349195667    1.349195700
   29.519038076    1.347833753    1.347834198    1.347834231
   29.579158317    1.346480156    1.346480600    1.346480633
   29.639278557    1.345134370    1.345134812    1.345134845
   29.699398798    1.343796334    1.343796775    1.343796808
   29.759519038    1.342465990    1.342466430    1.342466463
   29.819639279    1.341143279    1.341143718    1.341143751
   29.879759519    1.339828144    1.339828581    1.339828614
   29.939879760    1.338520527    1.338520963    1.338520995
   30.000000000    1.337220371    1.337220806    1.337220839
